输入字符集中的字符个数: 输入字符集: (不要加空格)输入状态个数: (状态从0递增开始)起始状态为0
输入结束状态个数: 输入结束状态: 输入转移表: 

NFA转移表
	#	a	b	
0	1,7	-1	-1	
1	2,4	-1	-1	
2	-1	3	-1	
3	6	-1	-1	
4	-1	-1	5	
5	6	-1	-1	
6	1,7	-1	-1	
7	-1	8	-1	
8	9,11	-1	-1	
9	-1	10	-1	
10	13	-1	-1	
11	-1	-1	12	
12	13	-1	-1	
13	-1	-1	-1	
DONE STATE: 13 
START STATE: 0

DFA-NFA
DFA	NFA	
0	{0,1,2,4,7,}
1	{1,2,3,4,6,7,8,9,11,}
2	{1,2,4,5,6,7,}
3	{1,2,3,4,6,7,8,9,10,11,13,}
4	{1,2,4,5,6,7,12,13,}

DFA转移表
	a	b	
0	1	2	
1	3	4	
2	1	2	
3	3	4	
4	1	2	
DONE STATE: 3 4 
START STATE: 0 

minDFA-DFA
minDFA	DFA	
0	{0,2,}
1	{3,}
2	{1,}
3	{4,}

minDFA转移表
	a	b	
0	2	0	
1	1	3	
2	1	3	
3	2	0	
DONE STATE: 1 3 
START STATE: 0 
