输入字符集中的字符个数: 输入字符集: (不要加空格)输入状态个数: (状态从0递增开始)起始状态为0
输入结束状态个数: 输入结束状态: 输入转移表: 

NFA转移表
	#	a	b	
0	1,3,5	-1	-1	
1	2	-1	-1	
2	8	-1	-1	
3	-1	-1	4	
4	8	-1	-1	
5	-1	-1	6	
6	-1	-1	7	
7	8	-1	-1	
8	9,20	-1	-1	
9	10,12,15	-1	-1	
10	-1	11	-1	
11	19	-1	-1	
12	-1	13	-1	
13	-1	-1	14	
14	19	-1	-1	
15	-1	16	-1	
16	-1	-1	17	
17	-1	-1	18	
18	19	-1	-1	
19	20,9	-1	-1	
20	-1	-1	-1	
DONE STATE: 20 
START STATE: 0

DFA-NFA
DFA	NFA	
0	{0,1,2,3,5,8,9,10,12,15,20,}
1	{9,10,11,12,13,15,16,19,20,}
2	{4,6,8,9,10,12,15,20,}
3	{9,10,12,14,15,17,19,20,}
4	{7,8,9,10,12,15,20,}
5	{9,10,12,15,18,19,20,}

DFA转移表
	a	b	
0	1	2	
1	1	3	
2	1	4	
3	1	5	
4	1	-1	
5	1	-1	
DONE STATE: 0 1 2 3 4 5 
START STATE: 0 

minDFA-DFA
minDFA	DFA	
0	{0,1,}
1	{4,5,}
2	{2,3,}

minDFA转移表
	a	b	
0	0	2	
1	0	-1	
2	0	1	
DONE STATE: 0 1 2 
START STATE: 0 
