输入字符集中的字符个数: 输入字符集: (不要加空格)输入状态个数: (状态从0递增开始)起始状态为0
输入结束状态个数: 输入结束状态: 输入转移表: 

NFA转移表
	#	a	b	
0	1,7	-1	-1	
1	2,4	-1	-1	
2	-1	3	-1	
3	6	-1	-1	
4	-1	-1	5	
5	6	-1	-1	
6	1,7	-1	-1	
7	-1	8	-1	
8	-1	-1	9	
9	-1	-1	10	
10	11,17	-1	-1	
11	12,14	-1	-1	
12	-1	13	-1	
13	16	-1	-1	
14	-1	-1	15	
15	16	-1	-1	
16	11,17	-1	-1	
17	-1	-1	-1	
DONE STATE: 17 
START STATE: 0

DFA-NFA
DFA	NFA	
0	{0,1,2,4,7,}
1	{1,2,3,4,6,7,8,}
2	{1,2,4,5,6,7,}
3	{1,2,4,5,6,7,9,}
4	{1,2,4,5,6,7,10,11,12,14,17,}
5	{1,2,3,4,6,7,8,11,12,13,14,16,17,}
6	{1,2,4,5,6,7,11,12,14,15,16,17,}
7	{1,2,4,5,6,7,9,11,12,14,15,16,17,}
8	{1,2,4,5,6,7,10,11,12,14,15,16,17,}

DFA转移表
	a	b	
0	1	2	
1	1	3	
2	1	2	
3	1	4	
4	5	6	
5	5	7	
6	5	6	
7	5	8	
8	5	6	
DONE STATE: 4 5 6 7 8 
START STATE: 0 

minDFA-DFA
minDFA	DFA	
0	{0,2,}
1	{4,5,6,7,8,}
2	{3,}
3	{1,}

minDFA转移表
	a	b	
0	3	0	
1	1	1	
2	3	1	
3	3	2	
DONE STATE: 1 
START STATE: 0 
